0.9859075161525516
0.5616671185486495
0.29353692804416215
0.1548505811607999
0.08059117885061338
0.048128366108646424
0.03573361618396163
0.026297714329062576
0.021192949847154353
0.017925002448177466
0.01639019513748801
0.016513797828860453
0.014220855958145104
0.018808525443135687
0.016691913105144115
0.018555594895270797
0.018160310996979057
0.019853502819402943
0.02043532702186094
0.02012950668439147
0.018422265703392438
0.020127787969117957
0.020077304076575434
0.02181182956093792
0.02231499556629295
0.02495213776133252
0.024042092157548052
0.024858173853520456
0.02724472507349026
0.031338949892475744
0.032575325470186114
0.033418539778359804
0.03280383779174418
0.03212300482515343
0.03179111970822759
0.03188615011224729
0.03213177246647869
0.034391929153849296
0.035262537940976675
0.0329548860834045
0.03296075075295628
0.030665615935174986
0.03694012925547175
0.03630779635744761
0.038106591050016396
0.03641126693835673
0.033300531591374354
0.033998133289287635
0.032582778161591656
0.03415058000686736
0.03148176071264638
0.033269980997704236
0.029072963890250585
0.028934638317295355
0.02979044992070709
0.029209833101993755
0.029558467792916373
0.028962015742733906
0.0322227759505705
0.031882299440047265
0.03430952917252987
0.036840589184429416
0.033930307464020995
0.036230002419510826
0.03684825401751622
0.036607600808435545
0.040905696817102745
0.04209983140036366
0.03975807011835527
0.04335352956976999
0.0498180720809371
0.0524489953076006
0.05249636751862502
0.055474549067489894
0.06048508878894584
0.0613037986178541
0.06372840415438552
0.061052060596435725
0.05975220126919732
0.059953060033904874
0.06086060077626513
0.05948158964759637
0.05324401191749363
0.05029535226744588
0.047670885986771966
0.04792394164018494
0.04398417879626906
0.042429335259839523
0.04229739559643996
0.040819682233490855
0.037858079247166096
0.03635966198977684
0.03448341988026171
0.030425880098874966
0.02756632475982391
0.026363988548348587
0.025902795929839507
0.026070666170307406
0.02538469843808905
0.024998274039422643
0.024202452587634597
0.025422256604052146
0.025546297640823643
0.02539883574298035
0.02555603950419921
0.02677273823877456
0.0261097857928284
0.02457668830730139
0.025734078818441572
0.027408148048876882
0.02794337538719306
0.028714429031079288
0.026676391998718244
0.029488695734894314
0.03048109204849565
0.029328802597612044
0.026555606750743643
0.02565095780633171
0.028616071120687273
0.027965492911781926
0.028861252955300138
0.03085127901820767
0.030004075140714383
0.027541004621781523
0.027595348823939988
0.029547539813424988
0.03188387493142594
0.03150375488267079
0.0318130969790868
0.030195010448125958
0.03377334020652743
0.031977016970834375
0.03318932777250386
0.03263714636738717
0.033122024465662335
0.03550991385848574
0.03794646557601095
0.03982065341687178
0.041844856878146534
0.04028725149470705
0.04351425067170994
0.05292574170465741
0.05017146054447661
0.05618229537898544
0.05522089238767523
0.06243608605959976
0.06660702172514155
0.07504318093760758
0.06876501919531257
0.07161076220793679
0.06751710804038545
0.06840168444669616
0.07125959725874535
0.07271161867167752
0.08649762538424782
0.07848587609604712
0.07627203432686469
0.06813213247731269
0.06652176213058031
0.0558120088787755
0.05880240530061662
0.06671208617778748
0.06832279446070556
0.06944954601279883
0.06836449443547425
0.06743001312536546
0.06846001807134887
0.06513630714829652
0.061813995454535905
0.06529320137463496
0.06383740568967315
0.06126758156700093
0.05782683859527248
0.05620336123667163
0.054536269534174724
0.052015933057730404
0.0509537666554972
0.04962316867010898
0.046655201199635316
0.04340500893087317
0.0469221939299446
0.04995458095483278
0.04898111617340461
0.04565082302428492
0.042995272319559553
0.04525222139587023
0.04568885477292219
0.047302730595156064
0.047049933557344964
0.0449978475932181
0.046551162269463604
0.047214296509647154
0.04633820213823904
0.04379090391955954
0.03891432488289792
0.03530846131912587
0.03197051392328755
0.03241145388930482
0.03294244232893813
0.03144376463456566
