0.9973756050824033
0.4190554957320761
0.27154220533576645
0.19691064518114346
0.06483214312165766
0.04111842375365477
0.024090325593128833
0.017188660773916422
0.012999992031330263
0.014470749988326526
0.011050366565276113
0.01209111229313744
0.0130727767323189
0.014824346179170979
0.014566751160977031
0.01606047070095597
0.019906536606451804
0.022700214137463336
0.028034239689786727
0.030612811507019482
0.03290050187586277
0.03396524714727955
0.03722966374491235
0.039362436632232795
0.046552895822327266
0.05449217815399305
0.06105189196809552
0.06522690781666807
0.0664529127552772
0.08301306467760557
0.08592163515694551
0.08506865269723136
0.07554842312804597
0.062294916717297616
0.06446956669763144
0.0530193120987303
0.04718313983280311
0.04162636716595768
0.03681351456682462
0.03421060395685388
0.03211336899361057
0.027990268300593073
0.026986876507235115
0.023372235892275446
0.02532531029570931
0.021369224038815738
0.020713211133549368
0.019008510166751688
0.01762624046497945
0.017142271796661147
0.016561112561919243
0.01692551107901765
0.015595390556092334
0.015303744257954903
0.014494279316555328
0.013679407197362199
0.013388050069882685
0.013070272215422197
0.012955310099490759
0.013357204876730758
0.014398878024845971
0.015755976363319664
0.016365549547634507
0.016866257328952527
0.01725542901831489
0.017006637295230748
0.017904969004322403
0.019330893848043654
0.0187581628757325
0.02356228031637369
0.024208644186465608
0.022682035235865684
0.023673663016392017
0.02348862117108798
0.02463810495367103
0.0234372868407317
0.024945212363138396
0.024565748687743826
0.025769942959366438
0.024134814165731024
0.024981248740111373
0.022683855619257242
0.02140167405416488
0.019416254207842272
0.020466958968829413
0.023616818051162825
0.021264658785808337
0.02011670378130695
0.0212773751563663
0.021202946771173854
0.022564187074123724
0.022231936265071067
0.026246514768804765
0.02356179096061082
0.02270417998637767
0.024310482192288776
0.024818304104164524
0.026846025729142846
0.0293735199878028
0.028079431123132412
0.02885536590699645
0.02782910691542525
0.029381587071063302
0.03094514199893063
0.031669405400127255
0.036716004588358414
0.038615377649628545
0.03722768187586216
0.03613353621168472
0.039499877875244366
0.0353269558822339
0.03455127488607275
0.04044675511204733
0.042544509460363346
0.04052198456789631
0.04162371215562961
0.04235808971338086
0.041752741025610066
0.04321463259811245
0.04269000558835233
0.04350471161467153
0.042439453664174655
0.03703989078120618
0.03611928503929505
0.03315528144470399
0.02978097624188836
0.03133584374184407
0.02888745959158809
0.028495379316370077
0.029593756565457187
0.028199564769879434
0.02926751446625415
0.028462343108892278
0.02990618810363247
0.02995688885718626
0.032238320465468484
0.03345567677538021
0.03558489669482873
0.03662939321409276
0.04104470469284434
0.0397384237129759
0.03646535665546231
0.0372151303943056
0.036130340381680774
0.03390102305166172
0.036624488181230645
0.03366019376365074
0.03788548673230293
0.036891910656114156
0.03772045858719613
0.04010043271275779
0.04326552744959762
0.05004391251052467
0.05313056445983091
0.05390205778056372
0.06161494429778794
0.060523068992191516
0.05962677507059109
0.05703990134400215
0.05531413634468941
0.057529982128064094
0.055266246854706734
0.050874508651077004
0.05765482105360953
0.06362294260592616
0.06088933402627407
0.061797673092391835
0.06278655332922435
0.05391883059961631
0.056243938912343146
0.05230161774045802
0.051637021943930876
0.056199596059046786
0.060853706920178705
0.06204594185816477
0.0671169189537369
0.07442065912692693
0.07422698417910036
0.08092575968574586
0.08215075097551452
0.08329606165758129
0.08501272112508332
0.08483840275186565
0.09361501718011796
0.09206481213762592
0.08133416127000449
0.08383043716405564
0.085873030998458
0.0861527470249884
0.087797907360877
0.09014489245835365
0.09500386548944756
0.08749021608871517
0.08778231697163964
0.0813043268152527
0.08498315651734159
0.08440411464041485
0.08090682314436147
0.08495646609167999
0.07983753018441951
