0.9590708701730049
0.6205063694944166
0.29051264916325215
0.16875156880984468
0.11295029505578746
0.08698803414614985
0.06286122585942283
0.05823659776350759
0.053273722917910736
0.047479418635022204
0.041516492781415476
0.04031247985557034
0.03409758614688
0.03074981541345341
0.02707744592398318
0.025480214588138858
0.024910162030928176
0.02280136561069126
0.022474330159103564
0.02242210125588183
0.022102909644473208
0.020788402293467463
0.02034777312288719
0.020652214003538075
0.020539545388483602
0.019584834441069073
0.02256785568738249
0.019840072063523166
0.020065017418122652
0.020393333091707055
0.020359907755268577
0.0203834886640098
0.01980579729441809
0.01920737222639765
0.019127692950526794
0.01930498883966099
0.019877880940790432
0.02003389017731058
0.019575369360991277
0.01938119710753171
0.019332278022131194
0.01949440026636371
0.01953695730115595
0.0191036793245162
0.019278884709503966
0.018884355921821357
0.019023054003517573
0.019382175869539314
0.018895305024877084
0.018828046820730086
0.019323935114719307
0.019461044895317768
0.019213433792039783
0.018979722248703455
0.01898475324263507
0.01937563391454704
0.01959333772778043
0.01974893938818159
0.01962816635498232
0.01971082699588605
0.019773874254003038
0.019780811590236546
0.020016875616473605
0.020755784261658645
0.020759200003330133
0.021340829426272183
0.021878139460484985
0.023015543801431292
0.02188009696896511
0.022741068861373042
0.020895749187712614
0.020978379728278453
0.019663002813453213
0.01894343183656863
0.018718673374370724
0.018646758788512918
0.018550748285775142
0.01842474855793076
0.018608067851129055
0.018593930431187712
0.01867430261393867
0.018742521654160016
0.018777023380123856
0.018908903083787478
0.019281824795070276
0.019355959869169822
0.018988243059266482
0.01896265820837549
0.019502059140318214
0.019861342808408403
0.019515588535818806
0.01909937782477284
0.0193588621399295
0.019869479465771115
0.01993401782100072
0.01942342652369698
0.01934983199627591
0.01996328505905487
0.02027130506467066
0.01982064994083826
0.019587222437953657
0.02032570112556653
0.020866650468770728
0.020450219370380232
0.01993796493732283
0.020590603610807758
0.02142454412730809
0.021103065367797085
0.020285913530104158
0.02061348177076354
0.02182194751425685
0.021662820784686707
0.02071720790956387
0.020675324454929773
0.022245828610864684
0.022394639309354012
0.021532776061963913
0.021048552101357275
0.022939030910727947
0.023593840021085364
0.02292637411903559
0.022327321844075914
0.02463457089599217
0.02504332874380459
0.02681432121468405
0.02505871965540128
0.029884102083029253
0.028589366825674492
0.03155590447981304
0.033502481506354466
0.03426429395332212
0.047893415491145896
0.04428816072140471
0.05694593552265729
0.06067245590152656
0.05990280970645617
0.05428381261541258
0.08522338964861899
0.07697631527554448
0.07435667698518512
0.08038022577978994
0.08612167473641999
0.08634815680601886
0.06476341479782628
0.0487218291859542
0.047080792386503395
0.04591954983581794
0.04293786054884632
0.039230036825803824
0.036494332315761074
0.0353511400766885
0.03059737158615821
0.028351383884105012
0.025131770083840516
0.025786762553769445
0.027377417613522383
0.025629840934333094
0.026024066317535535
0.02620520310541461
0.02560077765143689
0.026241450067755426
0.026895247352012555
0.0268515039044496
0.025753677633300456
0.02541261303743074
0.024223587176903663
0.02321558603397418
0.021651143719357096
0.020328265947546584
0.01986799150275697
0.019126584357460286
0.01949223740553585
0.019501565013286384
0.01929896156193624
0.019651051502126878
0.020728720978826852
0.021487688784289614
0.02143351507790912
0.02091002405952622
0.020823923514771112
0.020993317079215194
0.021369293361593603
0.02168856122176788
0.021587882006787535
0.02142167106451586
0.021187605339596533
0.021299107326616825
0.02142106961404706
0.02174379749837015
0.02187434118770445
0.02183880183234302
0.02180231911569394
0.021932971673864668
0.02195952792749932
0.021810673967818592
0.021445313679361488
0.021172495791282827
0.021090478946695974
0.020912802827161483
0.02084358471307117
