1.058453710306104
0.8598913672831915
0.631674348944201
0.45861782237493737
0.3416863084551385
0.2624114931999844
0.20140507557129853
0.1502971570884871
0.10850606823607323
0.0770217656891961
0.05550337855059043
0.042027449949623284
0.033944852585069844
0.029014724377305425
0.02586957642235369
0.02380565843102857
0.022696365909103303
0.023550506332706462
0.02518723016763701
0.02250934789734715
0.020258004932721452
0.019485820933093773
0.020601693519143077
0.024087709618568667
0.010283927201945563
0.008946431620964113
0.016436176491306364
0.00734750104290837
0.008589322058971711
0.019228495713473456
0.00938668920492796
0.014472802369692658
0.02811884904937313
0.04371146276632337
0.0492214888936873
0.05435642312715467
0.061900009158967075
0.07254785696651618
0.04834231956299304
0.031202786682534206
0.022963270358271184
0.02149803454858858
0.023197294363954592
0.024507022859311927
0.02305349142268036
0.01915006294199393
0.014506248805627306
0.010560356286281483
0.008094506245130808
0.007339350919118769
0.008174025253118396
0.010232301110766473
0.012643562666259933
0.014482433084415125
0.0158686074276276
0.01695731587996892
0.01802292156572926
0.019770555611368076
0.023313950379489846
0.02995641468752233
0.03904215437243214
0.0450772908481265
0.047203398365288494
0.04277536284208396
0.035786291730124466
0.031594443223529944
0.03309614656790752
0.04419306070295167
0.004927332022352159
0.0665296406748738
0.07034950635461137
0.05946809960227106
0.04250734009735324
0.031070298694878273
0.03239373144964664
0.04654078676494874
0.06454114328297751
0.07179397824097822
0.06602260232289048
0.05220384988597059
0.037588084307014
0.028556991772882304
0.02772098182381068
0.032629250342178374
0.03734207985933074
0.03732277677285897
0.0324150117746389
0.025387319347908208
0.01970698282811161
0.017908650546076852
0.020661306121567104
0.026532012519305467
0.03256721369409337
0.03604492565355895
0.0361862831490166
0.03406388124259958
0.031646541352710354
0.030784634894285345
0.032133940443280544
0.0344338563532695
0.03517365233608965
0.032563891425830195
0.02692880493686191
0.02058082577634927
0.016387309957989208
0.016096451709600345
0.01946973434016713
0.024491328910577412
0.028466198251268296
0.029403908011349414
0.026826503560749268
0.021718819560125977
0.015953891485166984
0.011498575864661903
0.00954259557980495
0.009870557271237819
0.011030103891002825
0.011372210485888651
0.010143854978570201
0.007793008159863935
0.0054820471205827975
0.004326094623877855
0.004797778154204249
0.006514040677352464
0.008455083971424464
0.009505824693128459
0.009041288925823234
0.007240953591799295
0.004975255501546167
0.003326099166241181
0.0029780847606484836
0.003821000310866277
0.005043194567479164
0.0056835865941155354
0.005249627625235819
0.003978781039201522
0.0026333243331290515
0.002020278755856087
0.0025239166181680703
0.003886105382454755
0.005345766417076352
0.0060702913088197495
0.005636753219095787
0.004277844650308268
0.00274427312878144
0.0018553134906041404
0.0019965826089069836
0.002887403898941348
0.0037921347670928983
0.004031334412713031
0.003422436742932581
0.0023635602427487
0.0015515194336262886
0.0015396617444312245
0.002396211294313426
0.0036536566250694913
0.0045828877159339405
0.004634159334431858
0.003773949528670715
0.0025056035152614888
0.0015546419746050204
0.0014079228581960243
0.0020059495848782547
0.002807820935288559
0.00318555336286664
0.002855819540344348
0.0020497065069611724
0.0013358762225997836
0.0012394433544646608
0.0018987708443619588
0.0029657765954352847
0.003814144166869147
0.003931189165283442
0.0032440424564191203
0.002166734000799623
0.0013319303321729593
0.0011764792174557743
0.0016599636533252337
0.0023191525805569173
0.0026176625200627197
0.0023267390534477002
0.0016679997499804613
0.0011430459513203449
0.0011846982868305323
0.001859227156015439
0.002807519092161204
0.0034664920708194213
0.003431616508879115
0.0027216479316534772
0.0017663181324298167
0.001120002070186652
0.0010916661463865106
0.0015507227383869775
0.0020507632423696185
0.00217331921591292
0.0018290796717871927
0.0013052944871009275
0.0010470993564095134
0.0013365219480100203
0.002084852440147831
