0.9646329841563025
0.8344169136036174
0.5727830759208371
0.3444301507012484
0.22658838099090778
0.1552185320408375
0.13745894627968983
0.13815091116730627
0.12232374784152888
0.1055056383969756
0.10533510072472482
0.133703926439318
0.11047864367092164
0.08967612535674917
0.08331464713321672
0.06811340682902144
0.05907965063850836
0.053399496643939476
0.049150643043559386
0.046212470176984335
0.0362199823231637
0.034980179467465386
0.035878074996929306
0.03696721302113032
0.03686265212962189
0.03507200750918149
0.03215685115513368
0.029163579754472972
0.02682237973977405
0.025227303996587482
0.024003380792797086
0.022718367999542417
0.021239556848137563
0.01976350708308958
0.018579435885741378
0.01784224107503253
0.017505926314272644
0.017399708178191392
0.01734888048996046
0.01725923863126961
0.01713130631062179
0.01771336689059565
0.01904864333250124
0.020363827220967017
0.021285983717723275
0.021752490804514447
0.019961010063005255
0.019584122107715318
0.019387448102469923
0.01873940575847514
0.017454385773951475
0.01577902643509917
0.014144980141543615
0.012854747552102818
0.011943794676999306
0.011285193148403861
0.010762521650440776
0.010336349375076343
0.010004487922113003
0.009756242442651828
0.00956314640053019
0.009380898395408708
0.009169995213781382
0.00893219075038783
0.008714292707491862
0.008573544373087279
0.008541309795704732
0.008614496003658956
0.008771755742657377
0.008988832895225009
0.009231894842902872
0.009443590218125568
0.00955588173138513
0.009519061174720836
0.009310479297503255
0.00893750315398785
0.00846314679229198
0.008014320601854403
0.007722102217718036
0.007633809782924269
0.007687288814687383
0.007772579448070428
0.0078219537142977
0.0078491186503046
0.007899121540411173
0.007958338560545185
0.0079322184237732
0.0077323930312091045
0.007386334749750938
0.007045565342432271
0.0068706301005073975
0.0069091409188269705
0.0070878594940209155
0.007296781549817737
0.007459574944424378
0.007543314540479716
0.0075330222151826255
0.0074082144246894206
0.007146096323162747
0.006765131401126332
0.006374080364207797
0.006137003828974329
0.006146628106972953
0.00634564459593436
0.006588856123037883
0.0067684077034352395
0.0068798536527003105
0.006976974769382211
0.007057312949584562
0.007004839589481379
0.006707208939074839
0.006259247803198716
0.005971445944323039
0.006086727279703135
0.006542519226815013
0.0070636304521789935
0.0074211945580846
0.007599432113422318
0.007742132151614365
0.007900540177687494
0.007870319778650483
0.007444812008418277
0.006837522610757239
0.006604410687752739
0.007009420579912938
0.007743190998507766
0.008315303659575661
0.00852873546919685
0.00859934717200631
0.008838659595731225
0.009175688129624875
0.009084210414577899
0.008320325327041902
0.007555633664022728
0.007681493803441783
0.008649117051484627
0.00966659669781577
0.010097648585453515
0.01001916523750164
0.010086756554477216
0.010673239908754146
0.010990184289961083
0.010167845015966341
0.008923389949891796
0.008837422446951817
0.010085775713170656
0.011431366503608605
0.011768307651733636
0.01128270540209214
0.011158003274604688
0.011953180084485966
0.012399756695340563
0.011341194741005391
0.009874091686456825
0.009862659678759707
0.011299459781065436
0.012576468819327467
0.012556918904902344
0.011894922221750712
0.011833006063877917
0.012516648258745803
0.012541779797968016
0.011150872898702213
0.009804899712972772
0.010155091971153463
0.01181158708367813
0.012932264863277101
0.01261429785479367
0.011912491004837352
0.01160044118714787
0.01180942659803088
0.01123072279681043
0.009637360270209644
0.008609232144263916
0.009386303930811931
0.010993595875107042
0.011581562701934332
0.011017498515142518
0.01032798652742387
0.009841226303730397
0.0096873281421597
0.008946427039422092
0.007956408895046597
0.00787719006944301
0.008864031760861318
0.009832940228245839
0.009778418906993235
0.009556065929122802
0.009489263559387465
0.008883401848577575
0.007843470587551934
0.006848460955404045
0.006723395708565966
0.007729323815404646
0.00875220390557328
0.008661448733774092
0.00804422764999086
0.008397475670810704
0.009496665556345256
0.009191793309540392
