0.752389696607807
0.6385977801180047
0.5044005391472244
0.3704282774554069
0.2683899812178579
0.19932183952710605
0.14957834675842488
0.1255883173273082
0.11432959357151738
0.10627323366906226
0.09294237556090713
0.08317158343548384
0.07443565037172893
0.06936922396963538
0.06312027699908453
0.05891499970320845
0.047941211985971975
0.04214062233032649
0.037907002004385966
0.036551614995287515
0.03669713303819136
0.037089728275790615
0.037115088434308365
0.03693155132772576
0.036120185222848954
0.034564733689260566
0.03378847876667663
0.033912722483792984
0.03471205081548523
0.03597911137367351
0.03764913614735441
0.03969510875792688
0.04194056954955308
0.04362204369013627
0.04349280997857608
0.041986654589075946
0.039930043193477496
0.037816280874613965
0.033156461865290934
0.03370760967335758
0.036835242854644026
0.03946420679560581
0.04076936391175936
0.03944387880867263
0.03646594675961842
0.03292002895133181
0.029834447330286677
0.027993182701892036
0.02794665718185344
0.03005890917130574
0.034398727868342964
0.03862528912736481
0.03952197020855806
0.03827143823201536
0.03677352913913198
0.03673165458943158
0.03795059396458838
0.03921388114457023
0.04003616827201053
0.039433577821643195
0.036797537648398805
0.03323353184823813
0.0298214845569663
0.026234569175937555
0.023194590640673203
0.02152924478852828
0.0210945590138409
0.021816725898875004
0.02420928119299917
0.019984441255332372
0.016037865316396418
0.01469687226261463
0.016187368061136555
0.01886003083850447
0.019910333156209343
0.01915269183512356
0.01669375035411628
0.015034982641318258
0.014654535293532597
0.014625186566992946
0.014027059355869802
0.012945582119404938
0.012155737868414326
0.01230082330459301
0.013272087616492371
0.014704200413905591
0.01608433603139506
0.016617305800145005
0.016044309899537246
0.015081909449788105
0.014898461101900625
0.015951507060068815
0.017763433385396658
0.018739146354806134
0.017602518093459668
0.01514260750521073
0.013769033090373634
0.015395291609572042
0.018890314813740244
0.021349792055643187
0.02131651730313425
0.019414624940801595
0.017471636427427925
0.017557828733094017
0.02021972010723038
0.022293170234418645
0.022543048322899696
0.021043108043569812
0.019694349217363974
0.0210245257611824
0.022798699637084804
0.026240198819031394
0.028392696348584195
0.028095095469015275
0.026990555016468448
0.01911158308801647
0.014126887966760093
0.013568056060963852
0.016872213574455053
0.021450295452436804
0.024429220792964976
0.02443935123508356
0.02240236345918821
0.020643084340870217
0.0206076829354905
0.021326271113841368
0.020296079676930322
0.017489963416364634
0.015617820790879245
0.016669330182230855
0.020062932230233213
0.02363071678542841
0.025336335221920064
0.024000995726756326
0.020968556918543015
0.018251112600116783
0.016561801792388253
0.015528704049028477
0.014811791176840877
0.014573006593999663
0.014990181681829544
0.015879452618252122
0.016906629675658973
0.018129700076341525
0.0197708676186054
0.021719185043664022
0.02344552751030064
0.024180388782065406
0.023531471971908434
0.02178265458536626
0.019595816829134385
0.01773768855482354
0.016848468688738853
0.017325506459127546
0.019217213558336006
0.02194640234008349
0.024485104645328926
0.02632929005222509
0.028017077850881613
0.030636503711655657
0.03472836117288756
0.03978770279829121
0.044709950117459506
0.04858701874782226
0.03962490859981923
0.035211353766854976
0.03584140631447546
0.04087215444935945
0.04973370299799309
0.06430436935244266
0.05921354644158586
0.05381096849545426
0.05002935579412259
0.050294743106307785
0.05542125048135669
0.060546883192465685
0.06243445061681458
0.061299987195043266
0.055455534344443565
0.05020108998552026
0.044314408166807526
0.03889701908788484
0.034060410289307744
0.029593121010535677
0.025271730778480977
0.02126413837681953
0.018074783944176352
0.01618665266237079
0.01560379479776368
0.015706091499296197
0.015755813646590264
0.015620343698093338
0.015712793485678604
0.016387812207060627
0.016766887531356623
0.01868594803387772
0.016784352825549156
0.014277362944505085
0.013553934793816969
0.013250142018213217
