0.8775816032128231
0.6691018522003043
0.45838036875777344
0.29032422295152255
0.19330524314883263
0.12016024955296228
0.08144582248765429
0.06323851361058443
0.05585441311384799
0.04940575134820688
0.04760557895507384
0.04500378345197052
0.03989957248439349
0.035761470877933355
0.03185577914874483
0.03003743875708441
0.030994314944192216
0.03587339180396498
0.034342145780023696
0.031985117247910234
0.02905459290069285
0.026006910498992154
0.0233612342330557
0.021045413629249565
0.018808317567292593
0.01657420011402604
0.014656830683200625
0.013431731446128244
0.012978037097605232
0.013230131347213828
0.014092133455404011
0.015379162791902724
0.017564154770673863
0.019860720550717203
0.021702448524593347
0.023368407840019038
0.02098734468881114
0.04445503358544609
0.024651946110582877
0.01906021013116918
0.018782386502581357
0.018140212213875056
0.01603466646931954
0.011583894252501371
0.010644671708739763
0.010655694937660727
0.010611184442876386
0.010161309239105052
0.009667084966533557
0.009533971330779564
0.00976534816982095
0.010067098484361573
0.01014012110368356
0.009831527102022317
0.009150860636598259
0.008225676802935272
0.007233623079262431
0.0064113684924755054
0.0060602275073807985
0.006449563827505512
0.007683984213130877
0.009303365866767603
0.010993461404198051
0.012886594118119167
0.014843024975140047
0.01661739961265861
0.01828946102021768
0.012217087155993116
0.010837194337749144
0.012588791805133297
0.01597719654511491
0.01545556033599819
0.01375934112821348
0.012495698829582045
0.013317298139030683
0.01722680392811055
0.022947637574643093
0.02778833917697189
0.029767865501763042
0.02800733441584304
0.0248768961262698
0.022900274086134112
0.02270525347777056
0.02320272895878099
0.0229270220431954
0.021972493587829964
0.01874244202974743
0.017355977427951964
0.01604718101890198
0.014886978574130223
0.013915110244259744
0.012570586596667665
0.011076215679339805
0.010213979119447726
0.00954741464856286
0.009815314533112846
0.008675733979447622
0.01094024871615034
0.010819662447308111
0.011445700564851865
0.01226229255870915
0.01128649997295704
0.010495988048432945
0.010377333280008488
0.01041281782813622
0.010427411135715443
0.010395278852689151
0.010136216632538312
0.009679573135798748
0.008998536966080193
0.008301499797885477
0.008129569369888085
0.008717449535457448
0.009691948013256428
0.010502857991753177
0.010889847000374923
0.010797540352498282
0.01027806973627576
0.009595954459627014
0.009118482300698564
0.008935699851890777
0.008795427827004086
0.008535056140829073
0.00833031526275824
0.008434633823449285
0.008855742608049066
0.009313492512852628
0.009492137567427497
0.00933096636051312
0.009003570228802152
0.008687392221331566
0.008435363880805359
0.008217301160022158
0.008021590456566276
0.007923318403564757
0.00805873001854453
0.00849148507574405
0.0091097206532009
0.009681102864449273
0.01001579945020282
0.010054823654751213
0.00983545494694661
0.009442160946998278
0.008986738292770363
0.008582559532265594
0.00828701202833705
0.008132350097854055
0.008191146489218143
0.008501028618982422
0.008941477161461221
0.009294966618008263
0.009427177275429117
0.009324954832048225
0.009025186103651096
0.00859260565631257
0.00815250982000997
0.0078417024250225
0.007689840054733128
0.0076730894353966945
0.007805153291621986
0.008071983520151422
0.008354293460032036
0.008535425914952578
0.008597103520615372
0.00853965730933936
0.008315286809831336
0.007945856237906173
0.007634831094378204
0.0075586015310907485
0.007646630725223221
0.0077853274397060995
0.00795305092441184
0.008130187504265089
0.008278822685441984
0.008435697257377568
0.008577664410774889
0.008547869080568558
0.008221347963090552
0.007796541107304626
0.007671070180441063
0.007852259712299789
0.008100687845298554
0.00823742596918854
0.008243984280208434
0.008241693088280799
0.008444810573013706
0.00874567183133599
0.009029349532422296
0.008880370071499315
0.00833535683478346
0.0081749930000666
0.008569156090142334
0.009163413061234478
0.009717885815344045
0.009654175457830235
0.009515503013358632
0.010537161110939454
0.010177554220931157
0.013796171916387236
0.00934376922280306
