0.26243876748889383
0.15008392305625048
0.08239175481274913
0.045168796946105746
0.024509706066771157
0.012587827112775438
0.006013626247722593
0.002938307253383509
0.001934651428910002
0.0018442329915529974
0.0019021109591842683
0.0017869235533290412
0.0014986316188497965
0.001168793728552044
0.0009176991474892126
0.0007945990391464018
0.0007847748954040468
0.0008456979277694982
0.0009370930667892618
0.0010315107635236293
0.001113276131193254
0.0011769647767250254
0.0012274553885892102
0.0012760759339684243
0.0013293054946455663
0.0013767245114960623
0.001391361768278107
0.0013469238325802336
0.0012399573699284497
0.0010984185290628982
0.0009675870831740388
0.0008821631835494857
0.0008457374172168013
0.0008335230859381584
0.0008145927572305392
0.0007745823351240047
0.0007219015143101955
0.0006754013963229968
0.0006458285426663655
0.0006266590919809877
0.0006006929194590039
0.0005555060434013518
0.0004944624755892345
0.00043466152449287196
0.0003941435777020979
0.00037897785303031984
0.00038020606821957426
0.0003820540725485497
0.0003738481397124737
0.00035604896219343276
0.00033673250705060426
0.0003230101140252765
0.00031523061039482594
0.00030812198797983413
0.0002964775938152031
0.00027963967109896257
0.0002611741650219623
0.00024495024608336036
0.00023174965875236988
0.00021937899614051298
0.00020572862674156275
0.0001917444366767579
0.0001817816045210821
0.00018133828150347796
0.00019423048569600809
0.00022125920829841152
0.0002607951431383766
0.0003101535814959778
0.00036638580768905474
0.0004260596193920326
0.00048469209997473146
0.0005367950444137881
0.0005768907483744853
0.0006009987773882577
0.000607721405384623
0.0005983854593229006
0.0005763524690109428
0.0005460337937277008
0.00051209381868005
0.00047897656788160344
0.0004506117536273945
0.00043014326676844167
0.00041968566957859184
0.00042022546616517654
0.0004317191167224881
0.00045327527128470005
0.00048322027922826066
0.0005189326601447118
0.0005565380577760272
0.0005907482366985977
0.0006152174723908143
0.000623739173031858
0.0006123336127224134
0.000581701445621962
0.0005388212808566414
0.000496228614661181
0.0004682866311758628
0.0004654448023513205
0.0004891238989464696
0.0005301854051919734
0.0005723149133966192
0.0005988666926996199
0.0005996540915183537
0.0005743053506947058
0.0005309650580433818
0.0004817161967980685
0.000437476336017886
0.00040472985337050907
0.00038494810952145053
0.00037604905895906863
0.00037454269737522626
0.0003771995803588104
0.0003817585687146149
0.00038683998081778825
0.00039153702721810664
0.0003950986430581672
0.0003968641103476052
0.00039637488756180434
0.00039349794782676226
0.00038844898680173246
0.0003817154176181074
0.0003739485356453708
0.00036587956290199693
0.0003582501835497422
0.0003517066646170627
0.00034663330898700726
0.00034297746392675287
0.0003401777766827076
0.0003372889422165982
0.0003332965342245405
0.0003274973895550917
0.00031976842997929653
0.00031060012653577563
0.0003008951156402335
0.00029164599131261976
0.0002836431915433809
0.0002773174138890966
0.00027273594666439506
0.0002697033698659205
0.0002678929481660175
0.00026695148750472775
0.00026655525434110815
0.00026642529405910545
0.00026632444886665475
0.0002660550142171279
0.0002654637147860402
0.00026445004431187123
0.0002629707779794935
0.0002610365300419973
0.00025870083219396337
0.000256044589120703
0.0002531583846816684
0.0002501239152296363
0.00024699611643172806
0.00024378983106313016
0.00024047698744056006
0.0002369989830156625
0.00023329320183342593
0.0002293252153742825
0.0002251141857985424
0.00022074129092863588
0.00021633829631493152
0.00021206142407082619
0.00020806040808552242
0.00020445258332399646
0.0002013081202800963
0.0001986475091157743
0.00019644844703511772
0.00019465761062475884
0.00019320325554770043
0.0001920061495121633
0.00019098791697288225
0.0001900768517615491
0.00018921158536221056
0.0001883429558911621
0.00018743432968331572
0.00018646065192691084
0.0001854065945703501
0.00018426418977920126
0.00018303025531487164
0.00018170385155760077
0.00018028406475931327
0.00017876853513631888
0.0001771531707880489
0.0001754332844513245
0.00017360598883858937
0.0001716732457463065
0.00016964467355028414
0.00016753920663340537
0.0001653849875821543
0.000163217363290075
0.00016107538062156606
0.00015899756081625067
0.00015701785862201668
0.00015516256728215726
0.00015344859972086293
0.00015188320006850021
0.00015046484354353084
0.0001491849265218985
0.00014802982326919047
