0.3936581512333403
0.22512588225168353
0.12358762959344083
0.06775319348762752
0.03676455782243532
0.018881739723291022
0.009020438662898998
0.0044074604279452185
0.002901976923771589
0.0027663493805635386
0.0028531662861355687
0.0026803850241499086
0.002247946956784579
0.001753190027745777
0.0013765481798645857
0.0011918981537377
0.0011771621342586708
0.001268546854863991
0.0014056396325909553
0.0015472661119929983
0.0016699140001981193
0.001765446799203169
0.0018411826371291962
0.0019141135028108054
0.001993957968545993
0.00206508658863209
0.0020870424563522753
0.0020203854333871903
0.0018599356176957854
0.0016476273453680194
0.0014513803101918012
0.0013232446608171427
0.0012686061464478621
0.0012502846407107181
0.0012218890302826105
0.001161873289671212
0.0010828520668210023
0.0010131020259312009
0.0009687429232206807
0.000939988855076865
0.0009010395837595438
0.0008332591792676505
0.0007416937524690139
0.000651992332623696
0.000591215492296789
0.0005684669899541744
0.000570309336399162
0.0005730812950559145
0.0005607723223960542
0.0005340735133149031
0.0005050988355987649
0.0004845152675504157
0.0004728460040582633
0.0004621830141691372
0.00044471633950623644
0.0004194593820146595
0.0003917610794979794
0.00036742517923322326
0.0003476242790034845
0.00032906826662946055
0.0003085927209746837
0.00028761651100840115
0.0002726724323454297
0.00027200771136711837
0.0002913463492888998
0.00033188979612644703
0.00039119405723515545
0.0004652320378943679
0.000549580632425471
0.0006390915027260246
0.000727040242782128
0.0008051945292151674
0.000865337814567734
0.0009014994820959764
0.0009115829952400612
0.0008975786517980721
0.0008645287976903094
0.0008190505110736282
0.000768140395659813
0.0007184645004428336
0.0006759173941887382
0.0006452149009627335
0.0006295288403150981
0.0006303389349800935
0.000647579834951048
0.0006799144705049589
0.0007248323181168909
0.0007784011078811236
0.0008348092559202413
0.0008861243642120179
0.0009228278194597025
0.0009356097527904473
0.0009185006723314715
0.0008725517472856726
0.0008082311319941249
0.0007443422672554797
0.0007024299640733207
0.0006981682375104679
0.0007336878695006127
0.0007952806880901542
0.0008584748487967285
0.000898301798546674
0.000899481846288844
0.000861457731980027
0.0007964466340854541
0.0007225731381382976
0.0006562135254330655
0.0006070941888924637
0.0005774219937398469
0.0005640737588751914
0.000561814441453991
0.0005657998904811238
0.0005726384293663011
0.0005802605598297109
0.0005873061074485975
0.0005926484769537679
0.0005952965950596624
0.000594562659381602
0.0005902471439280783
0.0005826736063631069
0.000572573177380534
0.0005609228078152929
0.0005488193362766626
0.0005373752915418471
0.00052756007016617
0.0005199501124225285
0.0005144664155687649
0.0005102669239142693
0.0005059336611996212
0.0004999449863300757
0.0004912461720092505
0.0004796526305623461
0.00046590009836502776
0.00045134254903892633
0.000437468876982782
0.00042546472924850616
0.00041597613562005114
0.00040910401236373154
0.00040455521793667193
0.00040183964342599307
0.0004004274960245513
0.0003998331757851307
0.0003996382516965284
0.00039948698803822193
0.00039908282924772413
0.0003981958642397539
0.00039667533622078844
0.00039445641097069693
0.0003915550128336186
0.0003880514418830022
0.0003840670569520658
0.0003797377346637823
0.0003751860191897509
0.00037049431240015595
0.0003656848758263781
0.00036071559906786997
0.0003554985762681134
0.00034993988327264606
0.00034398787925188134
0.00033767131109223547
0.00033111194975160704
0.00032450744708282484
0.0003180921381522904
0.00031209062374671406
0.00030667890461513574
0.0003019622338089133
0.00029797134361561595
0.0002946727771775464
0.0002919865473038538
0.00028980503608706267
0.00028800939429747546
0.00028648205832462655
0.00028511546900920567
0.00028381757395044783
0.00028251463087524895
0.0002811516899206284
0.00027969116950007765
0.0002781100780975014
0.00027639646440701663
0.0002745455553707209
0.00027255594169757827
0.00027042625275264525
0.00026815294874353086
0.00026572989168703853
0.0002631500506531438
0.0002604090948762387
0.0002575099674771376
0.0002544670966947145
0.0002513088849423216
0.0002480775469642907
0.0002448261038366026
0.00024161312633387937
0.0002384963964638773
0.00023552684616423214
0.00023274391484064716
0.00023017297123984547
0.00022782488084309506
0.00022569735578238767
0.00022377749001307282
0.00022204484445116036
